0 0
1 0
2 29061
3 59728
4 84054
5 102181
6 109666
7 104565
8 89464
9 83875
10 74910
11 65496
12 60134
13 55292
14 51394
15 46835
16 42958
17 39830
18 36473
19 33847
20 31183
21 29118
22 26890
23 24975
24 22705
25 21765
26 20202
27 18521
28 17622
29 16329
30 15342
31 14366
32 13668
33 12626
34 11855
35 11438
36 10730
37 9962
38 9592
39 9124
40 8357
41 8131
42 7637
43 7308
44 6883
45 6673
46 6333
47 6044
48 5802
49 5634
50 5297
51 4933
52 4830
53 4594
54 4420
55 4273
56 4179
57 3888
58 3754
59 3643
60 3414
61 3350
62 3288
63 3143
64 3062
65 2917
66 2782
67 2774
68 2705
69 2549
70 2510
71 2410
72 2379
73 2371
74 2247
75 2094
76 2070
77 1988
78 2020
79 1877
80 1859
81 1781
82 1656
83 1632
84 1545
85 1585
86 1614
87 1471
88 1537
89 1474
90 1403
91 1345
92 1359
93 1299
94 1262
95 1211
96 1226
97 1127
98 1156
99 1140
